../result_data/adv_images/112_2.jpg;0.41666666666666663;0.607800245285034;0.12393260002136232;-0.3397622615098953
../result_data/adv_images/188_0.jpg;0.55;0.7653713822364805;0.11106343865394591;-0.28167190626263616
../result_data/adv_images/171_3.jpg;0.3666666666666667;0.6933141350746153;0.022555914521217343;-0.20957777202129366
../result_data/adv_images/114_3.jpg;0.4666666666666667;0.6505790948867796;0.21039043068885807;-0.3475264959037304
../result_data/adv_images/154_0.jpg;0.43333333333333335;0.6515318751335142;0.1023719869554043;-0.30595553517341617
../result_data/adv_images/183_1.jpg;0.41666666666666663;0.6847450733184812;0.24021435081958775;-0.28728590682148936
../result_data/adv_images/163_1.jpg;0.09999999999999998;0.592742323875427;0.3351177871227265;-0.2855880051851273
../result_data/adv_images/204_1.jpg;0.18333333333333335;0.4873663783073423;0.005891372263431553;-0.21734126731753348
../result_data/adv_images/173_3.jpg;0.4666666666666667;0.7268334031105039;0.1999612629413605;-0.3020513653755188
../result_data/adv_images/121_4.jpg;0.30000000000000004;0.6745517849922178;-0.016051094233989715;-0.2818672157824039
../result_data/adv_images/168_1.jpg;0.31666666666666665;0.695048928260803;0.10885022878646851;-0.18438625633716585
../result_data/adv_images/179_4.jpg;0.5;0.783220589160919;0.06610507369041445;-0.20781111419200898
../result_data/adv_images/190_0.jpg;0.5;0.7194415330886839;0.20600684285163878;-0.3269274197518826
../result_data/adv_images/164_0.jpg;0.43333333333333335;0.722587466239929;0.10312583148479461;-0.2209865603595972
../result_data/adv_images/102_4.jpg;0.5666666666666667;0.6911644935607908;0.09062426686286926;-0.3948888197541237
../result_data/adv_images/123_3.jpg;0.35;0.5753386616706846;0.16810311675071715;-0.4053981631994248
../result_data/adv_images/130_3.jpg;0.31666666666666665;0.5930841565132139;0.17933415174484255;-0.3004379510879517
../result_data/adv_images/133_1.jpg;0.43333333333333335;0.6867722272872923;0.11755439341068268;-0.25283443629741675
../result_data/adv_images/188_1.jpg;0.5;0.7567358613014219;-0.0005098506808281014;-0.23052249252796175
../result_data/adv_images/126_0.jpg;0.23333333333333328;0.5578753948211668;0.05973604917526246;-0.1652641594409943
../result_data/adv_images/150_3.jpg;0.43333333333333335;0.7288572788238523;0.12573170363903047;-0.3017017215490341
../result_data/adv_images/165_0.jpg;0.3666666666666667;0.6477994322776792;0.05905459076166153;-0.22742917537689208
../result_data/adv_images/124_1.jpg;0.4833333333333333;0.7027698159217832;0.1498435825109482;-0.27496116012334826
../result_data/adv_images/168_0.jpg;0.5333333333333333;0.7210818529129026;0.17706659585237505;-0.22632660865783694
../result_data/adv_images/170_1.jpg;0.30000000000000004;0.6520444750785825;0.112587171792984;-0.22383462935686113
../result_data/adv_images/153_3.jpg;0.15000000000000002;0.5515573024749754;0.16561412662267685;-0.22960193157196046
../result_data/adv_images/104_1.jpg;0.4;0.6429735422134397;0.0926430117338896;-0.3117050096392632
../result_data/adv_images/107_1.jpg;0.5833333333333333;0.7579860687255857;0.1904228337109089;-0.21320209726691247
../result_data/adv_images/201_3.jpg;0.19999999999999996;0.531070291996002;0.06811010167002678;-0.12241726815700532
../result_data/adv_images/147_4.jpg;0.44999999999999996;0.7042274475097654;0.10765976607799531;-0.20578349083662034
../result_data/adv_images/208_1.jpg;0.31666666666666665;0.5764103531837461;0.04041394889354706;-0.2469777084887028
../result_data/adv_images/120_2.jpg;0.5;0.7036406397819517;0.1491622343659401;-0.15775697976350786
../result_data/adv_images/163_0.jpg;0.5333333333333333;0.7505936026573179;0.024032025784254084;-0.2215598002076149
../result_data/adv_images/155_2.jpg;0.44999999999999996;0.7353386878967283;0.03994436860084534;-0.2490043669939041
../result_data/adv_images/138_1.jpg;0.4666666666666667;0.6952351927757261;0.0569016419351101;-0.14381173402071
../result_data/adv_images/135_2.jpg;0.31666666666666665;0.6279913187026975;0.12684002444148063;-0.20006382167339323
../result_data/adv_images/114_0.jpg;0.43333333333333335;0.682713449001312;0.04633043780922891;-0.25741585344076157
../result_data/adv_images/158_0.jpg;0.5666666666666667;0.7433173656463621;0.1682927280664444;-0.25491829216480255
../result_data/adv_images/173_1.jpg;0.44999999999999996;0.7134262323379514;0.17341846823692322;-0.3757429406046867
../result_data/adv_images/184_2.jpg;0.5;0.6583989262580869;0.13322031497955322;-0.2812094986438751
../result_data/adv_images/186_1.jpg;0.5333333333333333;0.7330451011657713;0.17804347574710847;-0.17891022190451625
../result_data/adv_images/161_4.jpg;0.2666666666666667;0.5103654265403745;0.2027917444705963;-0.29864178821444515
../result_data/adv_images/128_3.jpg;0.5;0.7502303123474119;0.15114987790584564;-0.2521017819643021
../result_data/adv_images/113_2.jpg;0.35;0.6656179428100584;0.06923482958227396;-0.2923649162054062
../result_data/adv_images/130_4.jpg;0.31666666666666665;0.6348369121551511;0.16317288875579836;-0.28812314830720426
../result_data/adv_images/145_0.jpg;0.3833333333333333;0.6991673111915586;0.09015219360589981;-0.3372534573078156
../result_data/adv_images/107_2.jpg;0.5666666666666667;0.7591289877891538;0.28708457946777344;-0.09349025115370752
../result_data/adv_images/115_0.jpg;0.44999999999999996;0.685399532318115;0.09640259742736818;-0.27875447869300846
../result_data/adv_images/120_1.jpg;0.4833333333333333;0.6851578354835508;0.022624228149652488;-0.2065655305981636
../result_data/adv_images/177_0.jpg;0.30000000000000004;0.6099868416786192;0.019435278698802;-0.20384883284568792
../result_data/adv_images/156_1.jpg;0.4666666666666667;0.7038438916206358;0.14587507247924805;-0.30601301193237307
../result_data/adv_images/103_2.jpg;0.4;0.7085991501808164;0.13929631114006044;-0.362264621257782
../result_data/adv_images/198_2.jpg;0.25;0.5540279150009153;0.06391889229416847;-0.18423388004302982
../result_data/adv_images/110_4.jpg;0.4;0.6968090534210203;0.07038389146327972;-0.21795170605182648
../result_data/adv_images/125_1.jpg;0.31666666666666665;0.4945949316024778;0.12994522154331206;-0.2880783811211586
../result_data/adv_images/124_3.jpg;0.5166666666666666;0.7585853934288023;0.21812430024147034;-0.19250937402248383
../result_data/adv_images/134_0.jpg;0.3833333333333333;0.6517544984817503;0.10991525053977966;-0.2548184618353844
../result_data/adv_images/107_4.jpg;0.5166666666666666;0.7425806522369383;0.17615206390619279;-0.288628014922142
../result_data/adv_images/192_2.jpg;0.4666666666666667;0.7245627641677854;0.0333063766360283;-0.20314074754714967
../result_data/adv_images/194_3.jpg;0.31666666666666665;0.6234616637229917;0.028107680380344394;-0.2768723145127297
../result_data/adv_images/164_2.jpg;0.2666666666666667;0.5537003874778745;0.050762970186769965;-0.15798493623733523
../result_data/adv_images/208_3.jpg;0.41666666666666663;0.6479067206382749;0.03266641423106194;-0.23267136067152028
../result_data/adv_images/155_3.jpg;0.41666666666666663;0.6819397807121275;0.014880415797233586;-0.21029206216335297
../result_data/adv_images/195_3.jpg;0.5333333333333333;0.7418418526649473;0.17761843875050545;-0.3821668088436127
../result_data/adv_images/211_4.jpg;0.43333333333333335;0.710067808628082;0.15577941238880158;-0.2278743922710419
../result_data/adv_images/179_1.jpg;0.30000000000000004;0.6636411547660825;0.09462966620922089;-0.24882034957408905
../result_data/adv_images/175_0.jpg;0.09999999999999998;0.5178765058517454;0.043044891953468334;-0.2645331211388111
../result_data/adv_images/106_0.jpg;0.5;0.7120207548141477;0.08097918331623077;-0.22888415157794953
../result_data/adv_images/123_2.jpg;0.4666666666666667;0.7186997532844541;0.10481839925050737;-0.2254559375345707
../result_data/adv_images/132_0.jpg;0.31666666666666665;0.5855188369750974;0.03351611383259297;-0.2788820579648018
../result_data/adv_images/193_1.jpg;0.6;0.7707298398017881;-0.03513665497303009;-0.276178115606308
../result_data/adv_images/152_2.jpg;0.2833333333333333;0.5584034919738767;0.25113136768341066;-0.3859391868114471
../result_data/adv_images/173_2.jpg;0.5666666666666667;0.7821488976478574;0.27767542600631717;-0.2803925607353449
../result_data/adv_images/142_2.jpg;0.43333333333333335;0.6337196230888364;0.025619916617870334;-0.2761527203023434
../result_data/adv_images/143_4.jpg;0.2833333333333333;0.6456462144851682;0.057386153936386124;-0.20623189806938175
../result_data/adv_images/103_0.jpg;0.35;0.6846264600753782;0.08664461374282836;-0.2488073348999024
../result_data/adv_images/159_4.jpg;0.5;0.6906015276908872;0.0765796959400177;-0.24891725480556487
../result_data/adv_images/143_1.jpg;0.31666666666666665;0.6913352608680723;0.07548841536045076;-0.20409012883901598
../result_data/adv_images/118_4.jpg;0.2833333333333333;0.5125862956047056;0.1969293460249901;-0.03139774799346924
../result_data/adv_images/148_2.jpg;0.3666666666666667;0.6472451090812681;0.1023088946938515;-0.2460583582520485
../result_data/adv_images/198_3.jpg;0.44999999999999996;0.662906229496002;0.03984480760991573;-0.20284884721040727
../result_data/adv_images/180_3.jpg;0.21666666666666667;0.5335853099822996;0.10457104444503784;-0.2887644495815039
../result_data/adv_images/128_4.jpg;0.43333333333333335;0.7099745273590086;0.15095585882663728;-0.22517944276332857
../result_data/adv_images/174_1.jpg;0.43333333333333335;0.7085094451904295;0.08407968580722809;-0.22782748937606812
../result_data/adv_images/129_2.jpg;0.31666666666666665;0.6399080753326414;0.031717360764741895;-0.14323779940605164
../result_data/adv_images/109_2.jpg;0.41666666666666663;0.6841928362846372;0.09652367830276488;-0.27924846671521664
../result_data/adv_images/123_1.jpg;0.5333333333333333;0.7787925601005552;0.21212298870086674;-0.31134925931692126
../result_data/adv_images/208_2.jpg;0.21666666666666667;0.5724204182624815;0.07455007508397103;-0.26232468485832217
../result_data/adv_images/149_1.jpg;0.35;0.6993935108184812;0.08243883252143859;-0.2556823164224625
../result_data/adv_images/208_4.jpg;0.35;0.6228498220443723;0.07555270791053771;-0.2120608389377594
../result_data/adv_images/206_3.jpg;0.30000000000000004;0.6991503238677976;0.1098916843533516;-0.23770485669374466
../result_data/adv_images/164_4.jpg;0.33333333333333337;0.6155583858489988;0.024844507873058325;-0.20487829148769382
../result_data/adv_images/196_3.jpg;0.44999999999999996;0.6747070550918577;0.16931992769241333;-0.25570100657641887
../result_data/adv_images/105_3.jpg;0.44999999999999996;0.7307479381561277;0.12260022610425952;-0.29203106863424183
../result_data/adv_images/206_2.jpg;0.31666666666666665;0.6571797132492063;0.15421936959028246;-0.27392791360616686
../result_data/adv_images/165_2.jpg;0.43333333333333335;0.6554031968116758;0.12075705453753473;-0.15737383961677553
../result_data/adv_images/117_1.jpg;0.4833333333333333;0.7207009792327879;0.19367747157812118;-0.38746037185192106
../result_data/adv_images/126_3.jpg;0.41666666666666663;0.6757954359054563;0.023310017585754395;-0.28026286214590074
../result_data/adv_images/116_0.jpg;0.33333333333333337;0.6150192618370054;0.14977162629365923;-0.352964298799634
../result_data/adv_images/167_2.jpg;0.3666666666666667;0.6492961049079893;0.030018489062786112;-0.1746931999921799
../result_data/adv_images/180_1.jpg;0.25;0.6379745006561277;0.12470497190952301;-0.3259651646018028
../result_data/adv_images/129_4.jpg;0.41666666666666663;0.6903082728385923;0.09552427828311921;-0.2596137508749962
../result_data/adv_images/175_1.jpg;0.0;0.6195799112319944;0.17072039544582368;-0.12253185287117957
../result_data/adv_images/182_3.jpg;0.30000000000000004;0.6540349721908567;0.019034050405025482;-0.15793610587716103
../result_data/adv_images/154_3.jpg;0.4666666666666667;0.5574885606765745;-0.03632870838046075;-0.2575645729899406
../result_data/adv_images/166_4.jpg;0.4;0.6972978115081785;0.07603569999337197;-0.26995327584445483
../result_data/adv_images/104_3.jpg;0.3666666666666667;0.6288120746612547;0.08520965278148653;-0.2517978101968765
../result_data/adv_images/186_4.jpg;0.31666666666666665;0.6296605467796323;0.17803238779306416;-0.27835498303174977
../result_data/adv_images/173_0.jpg;0.4833333333333333;0.7473675012588499;0.11065985560417177;-0.2999857306480408
../result_data/adv_images/128_0.jpg;0.5;0.7517991065979002;0.10538863837718965;-0.2798188284039498
../result_data/adv_images/147_3.jpg;0.3666666666666667;0.6521812677383421;0.02213712707161903;-0.21444418132305146
../result_data/adv_images/133_4.jpg;0.5;0.7346875071525572;0.14057462215423583;-0.25274197161197665
../result_data/adv_images/131_2.jpg;0.25;0.6365645527839658;0.1065577208995819;-0.26487798010930425
../result_data/adv_images/101_3.jpg;0.5333333333333333;0.7829848527908323;0.10048213154077529;-0.28557109236717226
../result_data/adv_images/117_0.jpg;0.35;0.6313849091529844;0.1406153738498688;-0.3457781225442887
../result_data/adv_images/190_4.jpg;0.3666666666666667;0.7227349877357481;0.01907956600189209;-0.27732341885566714
../result_data/adv_images/186_3.jpg;0.5333333333333333;0.7363519668579099;0.2792489349842071;-0.2751696631312371
../result_data/adv_images/176_0.jpg;0.4;0.5791828632354734;0.16070224046707154;-0.2636112436652184
../result_data/adv_images/162_1.jpg;0.2833333333333333;0.6126747131347654;0.03792397379875183;-0.2713886618614197
../result_data/adv_images/101_1.jpg;0.4833333333333333;0.7425273060798643;0.11522693634033204;-0.2205926861613989
../result_data/adv_images/133_0.jpg;0.35;0.6927765011787412;0.08613376319408417;-0.22547780275344853
../result_data/adv_images/192_0.jpg;0.5;0.7931784391403196;0.010622984170913702;-0.1946369677782059
../result_data/adv_images/190_1.jpg;0.4;0.6416613459587095;0.177086615562439;-0.3403540991246701
../result_data/adv_images/158_2.jpg;0.4;0.747059643268585;0.1274098068475723;-0.27170065641403196
../result_data/adv_images/166_0.jpg;0.4;0.6789065003395078;-0.025550699606537802;-0.21510485112667085
../result_data/adv_images/191_4.jpg;0.16666666666666663;0.5118245482444761;0.027242776751518257;-0.27605986669659616
../result_data/adv_images/207_3.jpg;0.3833333333333333;0.6739241480827329;0.15899723172187807;0.0024654880166053855
../result_data/adv_images/146_0.jpg;0.33333333333333337;0.5300337672233579;0.1100626349449158;-0.04909739717841151
../result_data/adv_images/207_0.jpg;0.43333333333333335;0.7274777293205259;0.2059643626213074;-0.35938156470656396
../result_data/adv_images/149_2.jpg;0.3666666666666667;0.6806970238685606;0.03598967790603638;-0.1977468453347683
../result_data/adv_images/194_2.jpg;0.43333333333333335;0.669927656650543;0.005169135332107555;-0.18366401270031935
../result_data/adv_images/160_0.jpg;0.44999999999999996;0.7172597050666807;0.11056947708129886;-0.21996563002467157
../result_data/adv_images/156_4.jpg;0.44999999999999996;0.7319832444190977;0.08963657319545745;-0.25479647368192676
../result_data/adv_images/105_1.jpg;0.4833333333333333;0.7134000062942503;0.1034893486648798;-0.11524658352136613
../result_data/adv_images/182_1.jpg;0.31666666666666665;0.6971189975738523;0.026519721746444708;-0.10939705930650236
../result_data/adv_images/197_4.jpg;0.43333333333333335;0.6557962894439695;0.06938396058976651;-0.2784050047397613
../result_data/adv_images/153_0.jpg;0.18333333333333335;0.558368921279907;0.1494302272796631;-0.30886603333055973
../result_data/adv_images/185_4.jpg;0.30000000000000004;0.5797789096832273;-0.013344607502222066;-0.1699995368719101
../result_data/adv_images/126_2.jpg;0.43333333333333335;0.7142013907432554;0.07665497958660125;-0.2621667474508286
../result_data/adv_images/148_4.jpg;0.5333333333333333;0.7924548387527464;0.1299263656139374;-0.29240553677082065
../result_data/adv_images/159_1.jpg;0.5333333333333333;0.7494497895240781;0.09322092533111573;-0.2102672934532166
../result_data/adv_images/211_1.jpg;0.4833333333333333;0.7380721569061277;0.05432727374136448;-0.25760728716850284
../result_data/adv_images/198_1.jpg;0.19999999999999996;0.5374351739883421;0.1392097592353821;-0.28413961827754974
../result_data/adv_images/185_2.jpg;0.30000000000000004;0.5958194136619566;0.003095620870590208;-0.1564198225736618
../result_data/adv_images/118_2.jpg;0.2666666666666667;0.6190759539604185;0.11462848782539367;-0.22408097982406616
../result_data/adv_images/108_2.jpg;0.43333333333333335;0.6460187435150144;0.13519780412316323;-0.3185164697468281
../result_data/adv_images/135_0.jpg;0.4666666666666667;0.7059053182601926;0.017727684974670407;-0.23479445576667787
../result_data/adv_images/121_1.jpg;0.2666666666666667;0.5527872443199155;0.018485246598720546;-0.19111621864140035
../result_data/adv_images/130_1.jpg;0.41666666666666663;0.6762982010841367;0.11432191729545595;-0.2914142936468125
../result_data/adv_images/136_4.jpg;0.21666666666666667;0.6054995059967039;0.1010687291622162;-0.31176965534687046
../result_data/adv_images/137_3.jpg;0.30000000000000004;0.5568534731864927;0.1240383952856064;-0.1368064358830452
../result_data/adv_images/153_1.jpg;0.25;0.615480303764343;0.07317509353160857;-0.2585501283407211
../result_data/adv_images/205_0.jpg;0.30000000000000004;0.6280816197395322;0.28774525523185734;-0.4067412227392197
../result_data/adv_images/178_0.jpg;0.4;0.7233819961547849;0.0353821910917759;-0.25194868370890616
../result_data/adv_images/146_2.jpg;0.41666666666666663;0.7116440534591673;0.08715720474720003;-0.14145777001976967
../result_data/adv_images/171_1.jpg;0.3666666666666667;0.6734184026718137;0.06226284801959993;-0.24912507981061932
../result_data/adv_images/109_1.jpg;0.55;0.7822073101997373;0.1281091868877411;-0.2908583946526051
../result_data/adv_images/183_3.jpg;0.5166666666666666;0.6894815564155576;0.17035277485847472;-0.33879833891987804
../result_data/adv_images/100_2.jpg;0.5166666666666666;0.6665278077125547;0.1468282535672188;-0.2871890470385552
../result_data/adv_images/190_2.jpg;0.5833333333333333;0.7800418734550474;0.07173104584217072;-0.22977122664451602
../result_data/adv_images/128_1.jpg;0.4833333333333333;0.7567558288574217;0.12153960466384886;-0.284784722328186
../result_data/adv_images/106_1.jpg;0.5166666666666666;0.7263449430465696;0.08958106040954592;-0.24520574212074284
../result_data/adv_images/203_3.jpg;0.2666666666666667;0.5318004488945005;0.17034416496753693;-0.34953097999095917
../result_data/adv_images/103_4.jpg;0.41666666666666663;0.7318714857101438;0.047903516888618464;-0.21691750735044482
../result_data/adv_images/150_0.jpg;0.35;0.6457520127296446;0.00013890564441681325;-0.1958136484026909
../result_data/adv_images/171_0.jpg;0.31666666666666665;0.6262475848197935;0.016003073751926424;-0.1765251621603966
../result_data/adv_images/182_0.jpg;0.3666666666666667;0.6563822031021116;0.08177648559212686;-0.13361058980226515
../result_data/adv_images/109_0.jpg;0.5666666666666667;0.7421565651893614;0.1977685257792473;-0.29264094233512883
../result_data/adv_images/122_0.jpg;0.3833333333333333;0.7212874889373777;0.042428602278232586;-0.2483067661523819
../result_data/adv_images/188_2.jpg;0.5;0.6445712447166441;0.06165257841348648;-0.19688239693641663
../result_data/adv_images/176_2.jpg;0.43333333333333335;0.6925601363182066;0.03765157610177994;-0.260679130256176
../result_data/adv_images/210_0.jpg;0.43333333333333335;0.7110742330551145;0.04455602020025254;-0.23695096075534822
../result_data/adv_images/111_2.jpg;0.41666666666666663;0.6257001161575315;0.1586235746741295;-0.3176972806453705
../result_data/adv_images/203_4.jpg;0.44999999999999996;0.6550333499908445;0.15171278193593027;-0.1808159053325653
../result_data/adv_images/210_1.jpg;0.44999999999999996;0.7251272201538084;0.09631682634353636;-0.22599346339702608
../result_data/adv_images/160_1.jpg;0.4;0.6644994616508482;0.06379734724760056;-0.2568161025643349
../result_data/adv_images/200_3.jpg;0.21666666666666667;0.5303666591644285;0.1271388292312622;-0.31288422346115113
../result_data/adv_images/138_0.jpg;0.44999999999999996;0.6062779426574705;0.14408438503742219;-0.2584711104631424
../result_data/adv_images/158_4.jpg;0.41666666666666663;0.6728083491325376;0.0524204283952713;-0.20193943381309512
../result_data/adv_images/176_1.jpg;0.44999999999999996;0.6387094259262083;0.12059956938028335;-0.3442980498075485
../result_data/adv_images/174_0.jpg;0.41666666666666663;0.6423482894897459;0.04164091348648071;-0.1632668301463127
../result_data/adv_images/200_1.jpg;0.55;0.757634103298187;0.07509644329547882;-0.23606121949851513
../result_data/adv_images/102_3.jpg;0.4833333333333333;0.6743431687355039;0.1937418792396784;-0.2524955809116363
../result_data/adv_images/177_1.jpg;0.35;0.6807667613029478;-0.009355361759662631;-0.1884074091911316
../result_data/adv_images/165_4.jpg;0.4;0.6578529477119444;0.11759444065392019;-0.2823497839272022
../result_data/adv_images/148_0.jpg;0.44999999999999996;0.744615852832794;0.2163552045822144;-0.301138511300087
../result_data/adv_images/186_0.jpg;0.2666666666666667;0.5534530282020567;0.1298813134431839;-0.25088894665241246
../result_data/adv_images/160_3.jpg;0.30000000000000004;0.5776805281639097;0.03506643548607827;-0.24881764650344854
../result_data/adv_images/202_0.jpg;0.21666666666666667;0.566507041454315;0.11464507281780245;-0.30120742321014404
../result_data/adv_images/104_0.jpg;0.2666666666666667;0.5897457003593443;0.024361162632703777;-0.2352296382188797
../result_data/adv_images/159_2.jpg;0.44999999999999996;0.7143024206161497;0.09361198842525481;-0.2119535267353058
../result_data/adv_images/161_3.jpg;0.4;0.7228294610977171;0.0933684676885605;-0.2691691219806671
../result_data/adv_images/125_4.jpg;0.25;0.5412823557853697;0.21780055761337283;-0.3531088769435883
../result_data/adv_images/199_0.jpg;0.25;0.5508348941802976;0.2073402032256127;-0.27359132617712023
../result_data/adv_images/131_1.jpg;0.3666666666666667;0.6891114115715025;0.0675560772418976;-0.14798089042305948
../result_data/adv_images/152_0.jpg;0.5333333333333333;0.7378492355346677;0.24322293996810912;-0.42274231389164924
../result_data/adv_images/124_0.jpg;0.4;0.6194624900817869;0.12332797348499297;-0.3012755148112774
../result_data/adv_images/122_1.jpg;0.3666666666666667;0.6636384725570676;-0.03583855368196963;-0.1883298516273499
../result_data/adv_images/185_0.jpg;0.3666666666666667;0.6447843313217161;0.013686881959438329;-0.12098638117313384
../result_data/adv_images/157_1.jpg;0.43333333333333335;0.6736052632331846;0.11264326572418212;-0.1852859303355217
../result_data/adv_images/156_0.jpg;0.3833333333333333;0.7070071101188657;0.05712788105010987;-0.27253286838531493
../result_data/adv_images/162_2.jpg;0.43333333333333335;0.6819317340850828;0.06257660835981368;-0.1873654901981354
../result_data/adv_images/193_0.jpg;0.43333333333333335;0.6140873432159422;0.0708623707294464;-0.3464633315801621
../result_data/adv_images/181_1.jpg;0.4833333333333333;0.7004184126853941;0.11053995341062546;-0.3135167330503464
../result_data/adv_images/191_1.jpg;0.30000000000000004;0.5920935273170469;-0.0024158075451851026;-0.21369230747222903
../result_data/adv_images/152_1.jpg;0.5166666666666666;0.7391712665557859;0.12760800570249559;-0.3196155659854412
../result_data/adv_images/137_4.jpg;0.3833333333333333;0.6833416819572447;0.12266197204589845;-0.2645259231328964
../result_data/adv_images/131_4.jpg;0.31666666666666665;0.5961654186248777;0.09004041403532027;-0.33558033406734467
../result_data/adv_images/181_2.jpg;0.3666666666666667;0.6418872475624082;0.07238074243068693;-0.1921407334506512
../result_data/adv_images/119_2.jpg;0.4833333333333333;0.7496601939201353;0.09028069637715817;-0.24981223940849306
../result_data/adv_images/100_3.jpg;0.30000000000000004;0.5113486051559446;0.18262032568454745;-0.2535080950707197
../result_data/adv_images/109_3.jpg;0.4;0.7120550274848936;0.1281256318092346;-0.3195579193532467
../result_data/adv_images/110_0.jpg;0.44999999999999996;0.7137457132339475;0.0305211067199707;-0.20581620335578918
../result_data/adv_images/188_4.jpg;0.4666666666666667;0.6178251504898069;0.04719809889793395;-0.26740807443857195
../result_data/adv_images/166_2.jpg;0.33333333333333337;0.6423470973968504;0.04869981110095978;-0.25157002359628683
../result_data/adv_images/195_1.jpg;0.5333333333333333;0.6626088023185728;0.17224113345146183;-0.32824143320322036
../result_data/adv_images/100_0.jpg;0.3666666666666667;0.5790854096412656;0.12992647588253026;-0.27464890480041504
../result_data/adv_images/137_0.jpg;0.35;0.5981913805007932;-0.023380549997091292;-0.219284238666296
../result_data/adv_images/146_1.jpg;0.3833333333333333;0.540458023548126;0.10322602391242981;-0.06177757903933527
../result_data/adv_images/144_2.jpg;0.41666666666666663;0.6534755825996397;0.000281928479671463;-0.26524744778871534
../result_data/adv_images/204_2.jpg;0.5;0.7421759366989134;-0.0012830872088670717;-0.18263650536537174
../result_data/adv_images/146_4.jpg;0.25;0.6140977740287779;0.0949784815311432;-0.24809603989124296
../result_data/adv_images/135_1.jpg;0.35;0.6639788150787351;0.050938340276479734;-0.2355068653821945
../result_data/adv_images/124_4.jpg;0.3833333333333333;0.6160680055618284;0.03734830692410469;-0.16411663442850116
../result_data/adv_images/118_3.jpg;0.3833333333333333;0.6051016449928281;0.053516671247780326;-0.14981262385845184
../result_data/adv_images/209_1.jpg;0.4833333333333333;0.7333368659019468;0.11449042558670045;-0.26676017679274083
../result_data/adv_images/144_0.jpg;0.2833333333333333;0.6051955223083494;0.021609254181385054;-0.29011708721518514
../result_data/adv_images/141_0.jpg;0.4;0.6827673912048338;0.11968072056770325;-0.2887401111423969
../result_data/adv_images/155_1.jpg;0.5;0.7377994656562803;0.09932459257543086;-0.24829316735267642
../result_data/adv_images/200_2.jpg;0.44999999999999996;0.713194668292999;0.11953383982181551;-0.2279222145676613
../result_data/adv_images/112_1.jpg;0.06666666666666665;0.5289409160614011;0.266972116753459;-0.3242628172039986
../result_data/adv_images/157_3.jpg;0.2833333333333333;0.5600438117980955;0.07915871143341065;-0.2836018890142441
../result_data/adv_images/192_4.jpg;0.41666666666666663;0.7174629569053648;0.09895346164703368;-0.2632402390241623
../result_data/adv_images/139_2.jpg;0.30000000000000004;0.502083361148834;0.11331311166286467;-0.3034072892740369
../result_data/adv_images/114_2.jpg;0.2833333333333333;0.5840752124786375;0.008923619985580458;-0.20449759960174563
../result_data/adv_images/119_0.jpg;0.41666666666666663;0.6897232532501218;0.14473543465137484;-0.0790482297539711
../result_data/adv_images/210_4.jpg;0.2666666666666667;0.613349139690399;0.07798992991447448;-0.28454808965325357
../result_data/adv_images/110_2.jpg;0.4666666666666667;0.7115930914878843;0.022894582152366637;-0.2087292082607746
../result_data/adv_images/129_3.jpg;0.4833333333333333;0.7595483064651487;0.13511674255132677;-0.269626933336258
../result_data/adv_images/145_1.jpg;0.3833333333333333;0.6712714433670042;0.06871688365936279;-0.2011954560875893
../result_data/adv_images/100_4.jpg;0.21666666666666667;0.47658240795135476;0.20053410753607753;-0.15629268959164622
../result_data/adv_images/142_3.jpg;0.44999999999999996;0.6298557519912718;0.07491705119609833;-0.29972548037767416
../result_data/adv_images/147_2.jpg;0.3666666666666667;0.6346521377563474;0.036190289258956905;-0.13141487017273903
../result_data/adv_images/196_2.jpg;0.4833333333333333;0.7481825947761533;0.13870806694030763;-0.25797197073698047
../result_data/adv_images/202_1.jpg;0.5;0.7046482563018797;0.17327128052711485;-0.25294669419527055
../result_data/adv_images/203_2.jpg;0.44999999999999996;0.6787977218627927;0.1470001399517059;-0.20296350792050363
../result_data/adv_images/212_2.jpg;0.2833333333333333;0.5602792501449583;0.1257164379581809;-0.291663658618927
../result_data/adv_images/107_3.jpg;0.55;0.7442293167114256;0.3075730748474598;-0.2532959710806608
../result_data/adv_images/108_1.jpg;0.33333333333333337;0.706226587295532;0.1676349297165871;-0.300603199005127
../result_data/adv_images/189_2.jpg;0.2666666666666667;0.5446956157684324;0.04612911269068718;-0.22677686810493472
../result_data/adv_images/167_0.jpg;0.35;0.6328952908515928;0.0637563318014145;-0.08953989744186402
../result_data/adv_images/120_3.jpg;0.4833333333333333;0.6405294537544248;0.1870814979076386;-0.25145581215620044
../result_data/adv_images/111_1.jpg;0.3833333333333333;0.6244668960571287;0.09910799562931062;-0.24215213656425477
../result_data/adv_images/207_2.jpg;0.43333333333333335;0.6727877855300901;0.12128473073244098;-0.1469343364238739
../result_data/adv_images/210_3.jpg;0.18333333333333335;0.5808407664299009;0.10596423149108886;-0.2650694280862808
../result_data/adv_images/157_2.jpg;0.3833333333333333;0.6428132057189939;0.08960185348987582;-0.2581560581922531
../result_data/adv_images/144_4.jpg;0.33333333333333337;0.6642863750457761;0.17574011683464053;-0.34129669666290285
../result_data/adv_images/161_1.jpg;0.31666666666666665;0.6767079830169676;0.13260490894317625;-0.26526703834533694
../result_data/adv_images/153_2.jpg;0.33333333333333337;0.5873725414276121;0.14031981229782103;-0.2850882768630982
../result_data/adv_images/211_3.jpg;0.5666666666666667;0.7493577003479002;0.17192624509334564;-0.21374103128910066
../result_data/adv_images/202_4.jpg;0.43333333333333335;0.6472945809364317;0.209005568921566;-0.34284941498190163
../result_data/adv_images/115_1.jpg;0.43333333333333335;0.7100985050201414;0.11056586503982543;-0.2261253282427788
../result_data/adv_images/180_2.jpg;0.23333333333333328;0.616604149341583;0.16049797236919405;-0.24284379184246063
../result_data/adv_images/193_2.jpg;0.2833333333333333;0.6601882576942442;0.21541233956813813;-0.2734301134943962
../result_data/adv_images/168_2.jpg;0.3833333333333333;0.6965974569320676;0.07478438019752504;-0.2293245166540146
../result_data/adv_images/197_3.jpg;0.5;0.6104317903518675;0.0996299296617508;-0.15112622901797296
../result_data/adv_images/108_3.jpg;0.21666666666666667;0.5795598626136778;0.11896022558212281;-0.24444980025291443
../result_data/adv_images/210_2.jpg;0.31666666666666665;0.6715199947357176;0.11288958191871644;-0.30458804145455365
../result_data/adv_images/195_4.jpg;0.5333333333333333;0.7634893655776975;0.09984882846474649;-0.29444544613361356
../result_data/adv_images/151_4.jpg;0.3833333333333333;0.6682122349739072;0.08058787882328033;-0.29256803467869763
../result_data/adv_images/180_4.jpg;0.41666666666666663;0.6961659193038938;0.10915858745574952;-0.27842914052307605
../result_data/adv_images/103_1.jpg;0.5833333333333333;0.788040220737457;0.26332890093326566;-0.23869708739221096
../result_data/adv_images/185_3.jpg;0.2666666666666667;0.6121451258659361;-0.005597422271966934;-0.1576653152704239
../result_data/adv_images/178_2.jpg;0.31666666666666665;0.7134277224540708;0.18247614800930023;-0.28550466001033786
../result_data/adv_images/209_0.jpg;0.5333333333333333;0.7993782162666319;0.09046470224857331;-0.22327229231595994
../result_data/adv_images/196_4.jpg;0.2833333333333333;0.6397215127944944;0.17747842241078615;-0.2392250970005989
../result_data/adv_images/136_2.jpg;0.09999999999999998;0.5660308003425596;0.3081932961940766;-0.15519432723522186
../result_data/adv_images/143_2.jpg;0.3833333333333333;0.7217899560928343;0.02984775900840761;-0.23548499196767808
../result_data/adv_images/107_0.jpg;0.35;0.7030276060104368;0.1627919435501099;-0.22175952941179278
../result_data/adv_images/106_2.jpg;0.44999999999999996;0.7465756535530088;0.1231956124305725;-0.24368433356285096
../result_data/adv_images/178_4.jpg;0.41666666666666663;0.6699500083923338;0.17567518353462222;-0.2466852217912674
../result_data/adv_images/157_0.jpg;0.3833333333333333;0.6560102701187132;0.11188589334487915;-0.2580098539590836
../result_data/adv_images/199_2.jpg;0.4666666666666667;0.6740674972534177;0.07732752375304701;-0.16158395111560822
../result_data/adv_images/115_2.jpg;0.2833333333333333;0.6156674623489378;0.08656106591224672;-0.259726157784462
../result_data/adv_images/167_1.jpg;0.2833333333333333;0.5887494087219236;0.01265891194343567;-0.15786572098731996
../result_data/adv_images/129_0.jpg;0.2833333333333333;0.6327698230743406;0.026811011880636216;-0.15193141400814056
../result_data/adv_images/140_0.jpg;0.4;0.6834266185760496;0.04056718647480011;-0.14835051745176317
../result_data/adv_images/183_0.jpg;0.33333333333333337;0.6530851721763609;0.10926081240177155;-0.31203900724649436
../result_data/adv_images/139_0.jpg;0.4666666666666667;0.7102364897727964;0.061761690676212316;-0.2808681145310402
../result_data/adv_images/133_2.jpg;0.5166666666666666;0.757869243621826;0.08747019320726394;-0.2776322722434998
../result_data/adv_images/159_3.jpg;0.31666666666666665;0.649052023887634;0.06851382479071617;-0.23866268396377563
../result_data/adv_images/178_1.jpg;0.4666666666666667;0.7343379259109495;0.08181135058403015;-0.25870158076286315
../result_data/adv_images/197_0.jpg;0.5;0.6892157196998594;0.13643447756767274;-0.23694115579128266
../result_data/adv_images/127_0.jpg;0.35;0.6857157349586485;0.08794642537832262;-0.24012997150421142
../result_data/adv_images/130_2.jpg;0.5;0.7747865319252012;0.15257937386631967;-0.2905424699187279
../result_data/adv_images/151_2.jpg;0.3833333333333333;0.6396344900131223;0.043680104613304134;-0.24454742893576623
../result_data/adv_images/191_2.jpg;0.31666666666666665;0.5307970046997068;0.03899797797203064;-0.24603921920061114
../result_data/adv_images/143_0.jpg;0.43333333333333335;0.7203874588012693;0.12148129343986512;-0.2548534542322159
../result_data/adv_images/113_0.jpg;0.5166666666666666;0.7674009203910825;0.16586013436317443;-0.2981351971626282
../result_data/adv_images/179_0.jpg;0.41666666666666663;0.7384825348854063;0.1338121622800827;-0.3091065019369125
../result_data/adv_images/186_2.jpg;0.4666666666666667;0.722531735897064;0.0933837652206421;-0.2702349901199341
../result_data/adv_images/165_3.jpg;0.44999999999999996;0.66788113117218;0.13780906796455383;-0.12331178188323977
../result_data/adv_images/164_3.jpg;0.35;0.6136176586151121;0.06576087474822997;-0.2353325977921486
../result_data/adv_images/150_2.jpg;0.4833333333333333;0.7073414921760557;0.06915947198867799;-0.2850818902254105
../result_data/adv_images/142_1.jpg;0.43333333333333335;0.6367761492729185;0.04083572924137116;-0.24821519702672962
../result_data/adv_images/112_4.jpg;0.35;0.6527659893035886;0.18672124743461613;-0.2748250149190426
../result_data/adv_images/201_2.jpg;0.33333333333333337;0.6399378776550291;0.08626528233289718;-0.16190693005919457
../result_data/adv_images/183_4.jpg;0.5;0.664981961250305;0.1633021980524063;-0.3314520984888077
../result_data/adv_images/202_3.jpg;0.33333333333333337;0.5380607247352598;0.08154852986335759;-0.2509183689951897
../result_data/adv_images/123_0.jpg;0.4833333333333333;0.7286781668663023;0.10666332393884659;-0.30143837314099076
../result_data/adv_images/137_2.jpg;0.5166666666666666;0.6882683038711546;0.08459519147872924;-0.2620256304740906
../result_data/adv_images/199_1.jpg;0.41666666666666663;0.634754955768585;0.19000591933727265;-0.3121031641960144
../result_data/adv_images/118_1.jpg;0.4;0.6311756968498228;0.05378656536340714;-0.12172353863716126
../result_data/adv_images/125_2.jpg;0.35;0.6552050113677976;0.2087374567985535;-0.36210395693778996
../result_data/adv_images/141_1.jpg;0.44999999999999996;0.6399790048599241;0.2175227329134941;-0.35776189938187597
../result_data/adv_images/174_2.jpg;0.43333333333333335;0.689383804798126;0.07905646562576296;-0.17307119369506838
../result_data/adv_images/184_4.jpg;0.44999999999999996;0.6781060099601743;0.07718023359775544;-0.34933705218136313
../result_data/adv_images/182_4.jpg;0.3666666666666667;0.6840393543243406;0.059314495325088507;-0.11809449046850205
../result_data/adv_images/122_3.jpg;0.33333333333333337;0.6948084235191343;0.004853063821792611;-0.2441054552793503
../result_data/adv_images/146_3.jpg;0.41666666666666663;0.7624748945236204;0.12053916454315186;-0.2988573044538498
../result_data/adv_images/147_0.jpg;0.33333333333333337;0.5666718482971189;0.13544005751609803;-0.18515309095382693
../result_data/adv_images/194_0.jpg;0.25;0.5144948363304136;0.02745408117771149;-0.26173617318272596
../result_data/adv_images/194_4.jpg;0.35;0.6074640750885008;0.036593842506408694;-0.23363712169229983
../result_data/adv_images/202_2.jpg;0.3833333333333333;0.66340035200119;0.07861782610416412;-0.3040759116411209
../result_data/adv_images/179_2.jpg;0.5;0.7525179386138914;0.15981272831559182;-0.2381819725036621
../result_data/adv_images/180_0.jpg;0.30000000000000004;0.6032959222793577;0.039441669732332235;-0.2388248383998871
../result_data/adv_images/160_2.jpg;0.31666666666666665;0.6583056449890134;0.08508405834436418;-0.2417390301823616
../result_data/adv_images/181_0.jpg;0.25;0.5679390430450437;0.12580388486385347;-0.165708401799202
../result_data/adv_images/156_3.jpg;0.4;0.6358498930931089;0.03815887719392777;-0.1997520938515663
../result_data/adv_images/199_3.jpg;0.4;0.6111738681793211;0.07754676491022111;-0.2738151699304581
../result_data/adv_images/160_4.jpg;0.41666666666666663;0.6315732598304746;0.0722472965717316;-0.26521423161029817
../result_data/adv_images/194_1.jpg;0.23333333333333328;0.47189629077911355;0.012074381113052368;-0.2507891207933426
../result_data/adv_images/200_0.jpg;0.55;0.737620949745178;0.07756134271621705;-0.23257724940776825
../result_data/adv_images/136_0.jpg;0.31666666666666665;0.6222245693206785;0.048203259706497206;-0.2039648249745369
../result_data/adv_images/125_3.jpg;0.41666666666666663;0.6570029854774473;0.22089121416211133;-0.3977974086999893
../result_data/adv_images/173_4.jpg;0.3833333333333333;0.721412658691406;0.231745907664299;-0.35706233084201816
../result_data/adv_images/189_1.jpg;0.25;0.5641869306564329;0.10000483393669128;-0.24948907941579818
../result_data/adv_images/151_3.jpg;0.3833333333333333;0.6418958902359007;0.11576318144798278;-0.3171011060476303
../result_data/adv_images/169_0.jpg;0.35;0.7041937708854673;-0.08103564977645873;-0.08857948780059814
../result_data/adv_images/170_2.jpg;0.30000000000000004;0.719310402870178;0.07795429304242135;-0.3055661916732788
../result_data/adv_images/208_0.jpg;0.4666666666666667;0.6975004673004148;0.07455237507820127;-0.12589079961180688
../result_data/adv_images/211_2.jpg;0.5333333333333333;0.730405807495117;0.21184478998184203;-0.2372155874967575
../result_data/adv_images/169_2.jpg;0.41666666666666663;0.7022703289985655;0.07361349314451218;-0.24140623956918716
../result_data/adv_images/191_0.jpg;0.35;0.6012285351753233;-0.043140138685703294;-0.23287980109453205
../result_data/adv_images/158_3.jpg;0.33333333333333337;0.6126493811607359;0.04959602355957031;-0.257468568533659
../result_data/adv_images/150_1.jpg;0.5;0.7291600704193113;0.06396560743451118;-0.29038051068782805
../result_data/adv_images/124_2.jpg;0.31666666666666665;0.5941355824470518;0.02304527629166841;-0.13356950730085373
../result_data/adv_images/102_1.jpg;0.5333333333333333;0.7586336731910703;0.24016020707786087;-0.45432440042495736
../result_data/adv_images/184_0.jpg;0.31666666666666665;0.6986478567123411;0.03386529572308065;-0.1679192289710045
../result_data/adv_images/120_4.jpg;0.3833333333333333;0.6851187944412229;0.036740848422050484;-0.26845152080059054
../result_data/adv_images/118_0.jpg;0.30000000000000004;0.5641452074050901;0.05960494577884675;-0.11275591403245928
../result_data/adv_images/148_1.jpg;0.55;0.7977563738822935;0.16785673499107362;-0.31311564445495604
../result_data/adv_images/101_2.jpg;0.4833333333333333;0.759176969528198;0.14569275677204133;-0.3389447115361691
../result_data/adv_images/184_1.jpg;0.3666666666666667;0.6909877657890318;0.04530069231987001;-0.22341441810131074
../result_data/adv_images/200_4.jpg;0.25;0.6218886971473692;0.13688855171203612;-0.23061894327402116
../result_data/adv_images/206_0.jpg;0.3666666666666667;0.6760195493698118;0.13367700278759004;-0.2071698367595673
../result_data/adv_images/158_1.jpg;0.3666666666666667;0.6820655465126035;0.08523579090833665;-0.2802299022674561
../result_data/adv_images/187_0.jpg;0.0;0.4258192181587217;0.2765605598688126;-0.3327881433069706
../result_data/adv_images/191_3.jpg;0.19999999999999996;0.565162658691406;0.048734224215149884;-0.18999754190444948
../result_data/adv_images/109_4.jpg;0.4833333333333333;0.7787091135978697;0.014835771173238747;-0.24211978912353518
../result_data/adv_images/153_4.jpg;0.18333333333333335;0.5579239726066587;0.11754214167594912;-0.29193078279495244
../result_data/adv_images/178_3.jpg;0.4666666666666667;0.710097014904022;0.10163537859916687;-0.31477486714720726
../result_data/adv_images/115_4.jpg;0.4;0.6865803003311155;0.07929697930812835;-0.23591856360435487
../result_data/adv_images/144_3.jpg;0.44999999999999996;0.689701199531555;0.08315192461013794;-0.2928318023681641
../result_data/adv_images/114_1.jpg;0.41666666666666663;0.636600613594055;-0.016810546815395358;-0.17255655825138091
../result_data/adv_images/142_0.jpg;0.5;0.7438961267471311;-0.0192542675882578;-0.2869429409503937
../result_data/adv_images/161_0.jpg;0.41666666666666663;0.6589767932891843;0.11513411328196524;-0.2669917196035385
../result_data/adv_images/134_2.jpg;0.2833333333333333;0.5802199840545652;0.0063662901520729065;-0.21901065763086086
../result_data/adv_images/108_0.jpg;0.3833333333333333;0.6370062232017515;0.07678745687007905;-0.22625789642333985
../result_data/adv_images/196_0.jpg;0.5166666666666666;0.7551929950714109;0.16825939118862152;-0.32396141290664676
../result_data/adv_images/105_4.jpg;0.43333333333333335;0.6937704086303709;0.2426171898841858;-0.3287567995488644
../result_data/adv_images/197_2.jpg;0.5166666666666666;0.7245675325393675;-0.01877724863588811;-0.16656201779842378
../result_data/adv_images/190_3.jpg;0.21666666666666667;0.49056655168533303;0.08584983050823213;-0.24084527492523194
../result_data/adv_images/106_4.jpg;0.43333333333333335;0.7394946217536924;0.018931078165769576;-0.2742738485336304
../result_data/adv_images/140_2.jpg;0.21666666666666667;0.5712441205978391;0.14079862982034683;-0.2765606909990311
../result_data/adv_images/189_0.jpg;0.4;0.7120440006256101;0.023059850931167608;-0.26285089552402496
../result_data/adv_images/122_4.jpg;0.33333333333333337;0.7047576308250425;0.038043510913848874;-0.17584896087646484
../result_data/adv_images/126_1.jpg;0.2833333333333333;0.5913091301918028;0.034467275440692904;-0.24011764526367188
../result_data/adv_images/150_4.jpg;0.44999999999999996;0.7150588035583494;0.09637901186943056;-0.26140978634357454
../result_data/adv_images/172_1.jpg;0.3666666666666667;0.6113845705986021;0.05808719992637635;-0.31432247608900066
../result_data/adv_images/125_0.jpg;0.5833333333333333;0.7628888487815855;0.2358699209988117;-0.33239554390311243
../result_data/adv_images/123_4.jpg;0.4833333333333333;0.6926864981651304;0.14287841320037842;-0.3004743352532387
../result_data/adv_images/201_0.jpg;0.4;0.6762305498123167;0.11984122097492218;-0.17771246135234833
../result_data/adv_images/106_3.jpg;0.5;0.7580185532569883;0.13135564327239993;-0.18549005985260011
../result_data/adv_images/172_3.jpg;0.4666666666666667;0.6458533406257627;0.1219047427177429;-0.3711986057460308
../result_data/adv_images/175_2.jpg;0.1333333333333333;0.4810599088668821;0.26085990853607655;-0.09980860911309719
../result_data/adv_images/111_4.jpg;0.3666666666666667;0.6851286292076109;0.11791969537734986;-0.3561704754829407
../result_data/adv_images/113_1.jpg;0.35;0.6629312634468076;0.0653308242559433;-0.3226314604282379
../result_data/adv_images/114_4.jpg;0.3833333333333333;0.6591004729270933;0.02586009502410888;-0.18260235488414767
../result_data/adv_images/207_4.jpg;0.33333333333333337;0.6450293064117429;0.10367209762334825;-0.1572559803724289
../result_data/adv_images/162_0.jpg;0.4833333333333333;0.7515976428985593;0.07563454583287241;-0.2964724183082581
../result_data/adv_images/189_4.jpg;0.2666666666666667;0.587162137031555;-0.008058852329850196;-0.22265968173742295
../result_data/adv_images/203_1.jpg;0.33333333333333337;0.6369671821594236;0.09593829959630967;-0.19794004261493683
../result_data/adv_images/143_3.jpg;0.33333333333333337;0.6024993062019346;0.09786100909113885;-0.27247835546731947
../result_data/adv_images/122_2.jpg;0.5166666666666666;0.730432331562042;0.1597201928496361;-0.2777431219816209
../result_data/adv_images/108_4.jpg;0.23333333333333328;0.529227018356323;0.04358279556035996;-0.25927211567759517
../result_data/adv_images/119_1.jpg;0.23333333333333328;0.612402021884918;0.1345237076282501;-0.14241928607225418
../result_data/adv_images/149_4.jpg;0.41666666666666663;0.7155928611755369;0.010251981019973766;-0.18696882240474225
../result_data/adv_images/101_0.jpg;0.5;0.6841442584991453;0.16664929389953614;-0.15793694444000722
../result_data/adv_images/149_0.jpg;0.4833333333333333;0.7652629017829893;0.08325796127319335;-0.1591123342514038
../result_data/adv_images/199_4.jpg;0.5;0.6473571658134458;0.232405199110508;-0.24512636065483095
../result_data/adv_images/131_0.jpg;0.43333333333333335;0.6394369006156919;0.0334782361984253;-0.17167273405939343
../result_data/adv_images/182_2.jpg;0.30000000000000004;0.6762794256210325;0.11991083025932311;-0.23568888008594513
../result_data/adv_images/154_1.jpg;0.050000000000000044;0.4676578044891355;0.1348245106637478;-0.28602239787578587
../result_data/adv_images/184_3.jpg;0.5;0.7558876872062681;0.13046023845672608;-0.33265131115913393
../result_data/adv_images/188_3.jpg;0.4;0.6761274337768552;0.011784927546977995;-0.18531830161809923
../result_data/adv_images/161_2.jpg;0.23333333333333328;0.6667683124542234;0.22055460810661318;-0.4482936173677444
../result_data/adv_images/136_3.jpg;0.35;0.6694880723953245;0.10355677008628845;-0.21175944656133655
../result_data/adv_images/192_3.jpg;0.3666666666666667;0.6708458662033079;0.07027848809957506;-0.25228984057903286
../result_data/adv_images/171_2.jpg;0.44999999999999996;0.6854862570762632;0.16970376968383788;-0.2967518646270037
../result_data/adv_images/137_1.jpg;0.35;0.5911490917205808;-0.07387393414974212;-0.16189221143722535
../result_data/adv_images/144_1.jpg;0.44999999999999996;0.6857681870460508;0.19687095880508423;-0.3637650772929192
../result_data/adv_images/129_1.jpg;0.2833333333333333;0.566724896430969;-0.052355457842350024;-0.15992872640490532
../result_data/adv_images/116_2.jpg;0.3666666666666667;0.7339916229248045;0.08807069659233095;-0.3196727875620127
../result_data/adv_images/142_4.jpg;0.5166666666666666;0.686985909938812;0.00527608245611191;-0.21248643677681686
../result_data/adv_images/105_2.jpg;0.55;0.7414368391036985;0.10084808468818664;-0.18127345144748688
../result_data/adv_images/128_2.jpg;0.43333333333333335;0.7111609578132627;0.03457159772515297;-0.2324184238910675
../result_data/adv_images/151_1.jpg;0.4666666666666667;0.6496084332466123;0.08253095448017118;-0.1894924461841583
../result_data/adv_images/206_1.jpg;0.43333333333333335;0.6517959237098692;0.14436569809913635;-0.26452505886554717
../result_data/adv_images/164_1.jpg;0.35;0.585730731487274;0.12613203823566438;-0.1855717897415161
../result_data/adv_images/163_2.jpg;0.2833333333333333;0.5741227269172666;0.1716569781303406;-0.35202573686838157
../result_data/adv_images/127_1.jpg;0.21666666666666667;0.5808392763137815;0.04279102683067322;-0.1507740058004856
../result_data/adv_images/185_1.jpg;0.2833333333333333;0.5552262663841245;0.06012840121984482;-0.12018802165985108
../result_data/adv_images/110_1.jpg;0.44999999999999996;0.7033247351646421;0.002718605846166601;-0.15682091414928437
../result_data/adv_images/111_3.jpg;0.35;0.6592551469802854;0.12391206622123717;-0.3623521663248539
../result_data/adv_images/145_2.jpg;0.35;0.6056646108627317;0.1472966253757477;-0.21270071491599085
../result_data/adv_images/211_0.jpg;0.35;0.5958170294761655;0.14827466607093814;-0.2620693236589432
../result_data/adv_images/165_1.jpg;0.4;0.6078783273696897;0.13094085529446603;-0.21455393433570863
../result_data/adv_images/189_3.jpg;0.3833333333333333;0.6318474411964414;-0.00015560984611511647;-0.237210088968277
../result_data/adv_images/205_2.jpg;0.30000000000000004;0.6075546741485593;0.09785419404506683;-0.26375990658998494
../result_data/adv_images/148_3.jpg;0.44999999999999996;0.706153869628906;0.07963167428970336;-0.20125420689582826
../result_data/adv_images/116_1.jpg;0.2833333333333333;0.6024543046951292;0.10029565095901491;-0.3291388526558876
../result_data/adv_images/151_0.jpg;0.44999999999999996;0.7068411111831663;0.09430084824562074;-0.22574809789657593
../result_data/adv_images/155_0.jpg;0.41666666666666663;0.6486997604370115;0.09275740385055542;-0.23024602681398393
../result_data/adv_images/195_0.jpg;0.43333333333333335;0.7181352972984312;0.08018237128853799;-0.343819172680378
../result_data/adv_images/140_1.jpg;0.30000000000000004;0.5917209982872007;0.0032983049750327995;-0.15947208143770697
../result_data/adv_images/136_1.jpg;0.43333333333333335;0.6981337666511533;0.11061913073062896;-0.20881433784961703
../result_data/adv_images/172_2.jpg;0.43333333333333335;0.594248831272125;0.20512850284576414;-0.21529644578695298
../result_data/adv_images/147_1.jpg;0.3666666666666667;0.611643850803375;0.05603087320923805;-0.2072899155318737
../result_data/adv_images/121_0.jpg;0.33333333333333337;0.5984661579132078;0.05817602872848512;-0.24510595947504044
../result_data/adv_images/198_0.jpg;0.3833333333333333;0.6401873230934141;0.12846962958574293;-0.24438005685806274
../result_data/adv_images/204_0.jpg;0.35;0.6375250816345213;0.01077373623847961;-0.14480199962854384
../result_data/adv_images/132_1.jpg;0.3666666666666667;0.580218195915222;0.02703413963317871;-0.3506408423185349
../result_data/adv_images/135_4.jpg;0.43333333333333335;0.6208545565605161;-0.03224124275147915;-0.20556425489485264
../result_data/adv_images/201_1.jpg;0.2666666666666667;0.5171052217483518;0.15370293259620665;-0.14306159354746342
../result_data/adv_images/170_0.jpg;0.33333333333333337;0.6894884109497068;0.13009874224662782;-0.21721280831843615
../result_data/adv_images/133_3.jpg;0.4833333333333333;0.7261476516723631;0.06670945286750794;-0.25343623012304306
../result_data/adv_images/132_3.jpg;0.35;0.6205541491508482;0.15590858459472656;-0.2623603194952011
../result_data/adv_images/120_0.jpg;0.5166666666666666;0.7073271870613096;0.14576300084590915;-0.046629844978451726
../result_data/adv_images/207_1.jpg;0.5;0.6762150526046751;0.23590698838233948;-0.38507396578788766
../result_data/adv_images/177_2.jpg;0.4;0.7056460380554197;0.06090829074382781;-0.3080034971237183
../result_data/adv_images/149_3.jpg;0.16666666666666663;0.634350538253784;0.13434723913669588;-0.26225094199180604
../result_data/adv_images/134_3.jpg;0.44999999999999996;0.6888247132301328;0.21867929100990297;-0.1678122252225876
../result_data/adv_images/127_2.jpg;0.31666666666666665;0.6352785825729368;0.06686890125274661;-0.26684539020061493
../result_data/adv_images/154_4.jpg;0.21666666666666667;0.5376572012901304;0.08499372154474258;-0.2154111057519913
../result_data/adv_images/112_3.jpg;0.19999999999999996;0.5729085803031919;0.1712824631482363;-0.27497717142105105
../result_data/adv_images/103_3.jpg;0.5833333333333333;0.7806105017662046;0.22914043366909032;-0.21316554546356203
../result_data/adv_images/154_2.jpg;0.41666666666666663;0.48637664318084695;0.05351295322179795;-0.3772218286991119
../result_data/adv_images/169_1.jpg;0.30000000000000004;0.667895436286926;-0.08937323912978173;-0.10755003467202186
../result_data/adv_images/139_1.jpg;0.2666666666666667;0.6993038058280943;0.07826022207736968;-0.3176993906497955
../result_data/adv_images/203_0.jpg;0.41666666666666663;0.6078988909721372;0.09950298517942428;-0.21549600660800933
../result_data/adv_images/187_1.jpg;0.4;0.573099613189697;0.17253763377666476;-0.3092123955488205
../result_data/adv_images/102_2.jpg;0.4833333333333333;0.7369566559791563;0.19225090146064758;-0.3921918533742428
../result_data/adv_images/100_1.jpg;0.25;0.6170672774314878;0.22426109462976457;-0.24781334996223453
../result_data/adv_images/183_2.jpg;0.3666666666666667;0.6701210737228391;0.15951679684221748;-0.35170782804489137
../result_data/adv_images/121_2.jpg;0.23333333333333328;0.5515602827072141;0.10692627206444741;-0.28391444832086565
../result_data/adv_images/131_3.jpg;0.4;0.6861973404884336;0.03447576761245727;-0.17352446466684346
../result_data/adv_images/110_3.jpg;0.44999999999999996;0.702237546443939;0.04333118200302123;-0.16857988536357882
../result_data/adv_images/197_1.jpg;0.5333333333333333;0.7387996315956114;0.005172905325889585;-0.2015016909688711
../result_data/adv_images/192_1.jpg;0.4666666666666667;0.7167351841926572;0.13017625361680984;-0.19441892057657242
../result_data/adv_images/115_3.jpg;0.4833333333333333;0.6979966759681699;0.09373131394386292;-0.21504706889390945
../result_data/adv_images/159_0.jpg;0.4833333333333333;0.7179797291755674;0.18856827095150946;-0.2513998083770275
../result_data/adv_images/102_0.jpg;0.2666666666666667;0.6340763568878172;0.21801844239234924;-0.4549567945301533
../result_data/adv_images/170_3.jpg;0.30000000000000004;0.6226271986961363;0.372444199025631;-0.4342026770114899
../result_data/adv_images/209_2.jpg;0.43333333333333335;0.7085216641426084;0.25958905294537543;-0.3429703414440155
../result_data/adv_images/130_0.jpg;0.4833333333333333;0.6564558148384092;0.11162914633750917;-0.24951068554073574
../result_data/adv_images/117_2.jpg;0.4833333333333333;0.7406435012817381;0.026408538222312934;-0.17838892107829452
../result_data/adv_images/187_2.jpg;0.1166666666666667;0.5639204978942869;0.11068653240799906;-0.2599237911403179
../result_data/adv_images/195_2.jpg;0.5;0.7129279375076292;0.12040267586708067;-0.34584014415740966
../result_data/adv_images/196_1.jpg;0.43333333333333335;0.7394257783889768;0.33950857520103456;-0.3723041817545891
../result_data/adv_images/156_2.jpg;0.41666666666666663;0.6400684118270872;0.18683382868766785;-0.3152089849114418
../result_data/adv_images/172_0.jpg;0.41666666666666663;0.6688428521156309;0.06245211362838746;-0.24707174077630042
../result_data/adv_images/135_3.jpg;0.5;0.7088822722434995;0.1246754467487335;-0.26922870054841047
../result_data/adv_images/105_0.jpg;0.3833333333333333;0.6089518070220945;0.11952094435691835;-0.22718497514724734
../result_data/adv_images/121_3.jpg;0.25;0.6037572622299192;0.13211310505867005;-0.34448102414608006
../result_data/adv_images/104_2.jpg;0.31666666666666665;0.5885545015335081;0.01638493165373802;-0.2247161261737347
../result_data/adv_images/172_4.jpg;0.4833333333333333;0.7126984596252439;0.16126500368118288;-0.36734518855810167
../result_data/adv_images/134_1.jpg;0.30000000000000004;0.6030485630035398;0.015505993366241456;-0.24072612002491953
../result_data/adv_images/179_3.jpg;0.5333333333333333;0.7713604569435117;0.01852354109287263;-0.26571616977453233
../result_data/adv_images/212_0.jpg;0.2833333333333333;0.6158367395400999;0.10942560434341429;-0.31375212371349337
../result_data/adv_images/166_1.jpg;0.4666666666666667;0.6632131934165952;0.05903775691986084;-0.2222148321568966
../result_data/adv_images/126_4.jpg;0.33333333333333337;0.6282818913459776;-0.02316261827945708;-0.18542856723070145
../result_data/adv_images/112_0.jpg;0.15000000000000002;0.5556715130805967;0.11274324655532839;-0.2821496471762658
../result_data/adv_images/205_1.jpg;0.30000000000000004;0.6435600519180296;0.17310831397771836;-0.3449568144977093
../result_data/adv_images/166_3.jpg;0.3833333333333333;0.6499159932136533;-0.009833073616027838;-0.21832681819796565
../result_data/adv_images/141_2.jpg;0.5;0.7723215818405149;0.14474669098854065;-0.2973226368427277
../result_data/adv_images/212_1.jpg;0.19999999999999996;0.5562538504600523;0.11938093639910222;-0.32269159443676476
../result_data/adv_images/138_2.jpg;0.2833333333333333;0.6041488647460935;0.10457243472337724;-0.2243194013834
../result_data/adv_images/111_0.jpg;0.4666666666666667;0.7380465269088743;0.1355479717254639;-0.3132305294275284
../result_data/adv_images/132_2.jpg;0.2666666666666667;0.6147593855857847;0.09785457849502563;-0.24454044103622438
